876987453752274943,
532811618754756754,
6348126842654078,
289004767801,
8024742091,
726761479546409841,
10275437519,
83883152144521,
1714196938756,
1359001,
17460237193198,
01855608454,
6982539,
2494398484669,
762205920368,
777548041356528,
05959,
468734400517,
180243693629368905,
279284440080386860,
70548,
91343807930823994,
359248207753895801,
42184561717377533,
45036,
2530045380836887788,
22079421537578728801,
45733326801013676665,
297357709988120,
2949054172301161,
8450464,
412458059582,
682367235547883460,
31397208627485631,
92845247249658300,
01739769210430,
5692970511329,
13506228862173,
5727778981948605335,
53620,
50944269986948593272,
299101117,
8529173468855970812,
966051968787,
667423354821995,
902123408126,
429956,
68618786085200848542,
258903737600,
925485435796109,
642156255740,
5286255817942,
24899,
048445448781,
672011233698914827,
89683,
061292591661510317,
58626820472891977,
269373687119776637,
584444,
5887332879,
35583122,
1187226,
4917077116465,
4388275622986217,
91602082439532734985,
223298064206,
8900155,
9340217545,
224163887239918338,
5350714474,
849693320333367275,
619320486843358770,
337016351140092,
17015630483,
124577309042822221,
3964642100,
10981311,
719642169474350,
52302,
6670336,
734813,
20443590238718628173,
81845147091019115500,
279309736685071,
072017558595,
466697224960,
1686076774965334,
847487,
242385382,
240220839644230,
614173713,
73836924412892035940,
0034823076352,
01686542862043146,
063730085043893059,
3019511,
0740051,
929328742049943549,
633231,
