-831399,
729691,
-332075,
70505,
-706246,
210664,
409409,
-657803,
362380,
479384,
302253,
825614,
-450652,
-246039,
-266881,
570880,
323440,
-943273,
-208606,
-886416,
903745,
-591491,
-535564,
528902,
-997133,
-277081,
-673965,
137524,
472210,
203087,
-859389,
647518,
179933,
926667,
-541837,
21179,
803131,
-22728,
-324714,
783279,
282840,
-372332,
336603,
-245972,
250291,
-378493,
842879,
570871,
644088,
-347017,
836205,
-371670,
-371241,
161918,
-706287,
538088,
-910442,
384389,
634256,
105039,
854073,
-168185,
85860,
-697723,
305778,
156242,
-462698,
-816546,
-222583,
298869,
646803,
-151064,
-795894,
252237,
-879893,
564408,
-613794,
-56951,
-79666,
-153826,
-904803,
-537418,
637768,
997164,
487169,
-259807,
207714,
554506,
50814,
-887927,
-256315,
-996716,
797248,
-389445,
957169,
103479,
-854095,
631148,
-747185,
-496990